2.299376905985698882e-01
3.013648340289274974e-01
-3.358802391597594528e-01
-2.243566356976159915e-01
-2.668041717544967217e-01
-4.824379135872787216e-01
3.878979700265159369e-01
-3.168872625537021981e-01
-2.161296907505099174e-01
-4.899005949939729265e-01
2.199684954168351358e-01
-3.745725098575427431e-02
-3.602722270102257096e-01
-1.187181008111740446e-02
2.510591216500953071e-01
-2.034426807323334863e-01
-3.643824564556784606e-01
4.838701352223374885e-02
-3.594804491236043564e-02
-3.226244263932494527e-01
-4.397626898134043283e-01
-2.939381300409565356e-01
-4.249777367825968710e-01
-5.985549391582583034e-01
-6.483596949600183290e-01
-4.253002069608337599e-01
-5.894950610438484118e-01
-1.068217947864935451e-02
-1.862975375498651665e-01
-1.296922501075520040e-01
-3.170536956493113512e-01
-2.541692336072597369e-01
-5.619024103335680254e-01
-9.455776980026420198e-02
-6.189674093634309759e-01
5.067193139410981761e-02
4.036810239838705683e-01
3.721319441910074244e-01
-1.192337617079619744e-01
-8.025063358597371854e-01
3.420937889605625837e-01
7.013279088013740781e-02
-5.282668794931898448e-01
-1.005586353064067129e-01
-1.551183577323354823e-01
-5.480531286524999157e-02
-8.279178259044169819e-01
-5.470939640400553916e-01
-1.754408247640345531e-01
-5.284768883259027827e-01
-5.931578103836713245e-01
-2.094004456131453862e-01
1.188489275835334924e-01
-2.012766514903543968e-01
4.191827595812648299e-01
1.167268696863095617e-01
1.809940407894710390e-01
1.473469573505000185e-01
-1.902626743195031667e-01
8.711039249623243885e-02
-1.255469555453387343e-01
-1.808872442080585730e-01
5.405929669899479928e-02
4.386392244356855374e-01
-3.721232264382030586e-01
-2.425285643874428854e-01
-4.831707277972586700e-01
7.219118673962624522e-01
-4.286085038590080609e-01
-7.102120481680829212e-02
3.304437697300847687e-01
-1.212228967593999840e-01
-3.984680929972963526e-01
9.308932247250235881e-02
-6.142605425335309621e-02
-2.734888564558882740e-01
2.541199279445069403e-01
-3.436134616895198390e-01
3.948157067708269463e-01
6.720731129114898561e-01
-2.194782383314295426e-01
-6.430362458724983021e-01
-1.719591869180868426e-01
2.179340901547433262e-01
-6.416055221858880664e-01
-7.292813040799288604e-01
-1.087468063989574241e-01
1.571767467172569821e-01
-2.267354790251400187e-01
2.053217618526316235e-01
1.539074970138222809e-01
-4.982247582832814714e-02
-3.777562087080435504e-01
-1.922093842042149614e-01
-3.608480388285559837e-01
3.405217563864414432e-01
-5.305283724885740959e-01
-1.566740726699687447e-01
-5.118717337179151672e-01
-6.023654204213551022e-01
-5.703006295985828533e-01
-2.502631311422636173e-01
1.891407011163894480e-01
-3.723325859251481185e-01
2.194881950686020655e-01
6.317056204672516495e-01
1.939133544941495368e-01
-3.169273269424537770e-02
-5.594272376937745594e-01
8.495840376181429399e-01
2.670521056178154495e-01
-1.308961927916763718e-02
2.447049950480950364e-01
6.590592125165629644e-01
-3.456847840172994624e-01
-2.309463266771272782e-01
-7.966217496551081245e-01
-3.543381293856299741e-01
-7.904813990991981232e-01
-2.510807925446483790e-01
1.311537261974605670e-02
4.731924584306027581e-01
-3.983312606898413710e-01
-3.366917475958742800e-01
-3.461693303861425042e-01
-6.812873044558018787e-01
-3.254651060853183120e-01
7.176133919549576579e-01
-5.086180684567137567e-01
-6.876928170583959110e-01
-2.505991976848744862e-01
1.469995092433120931e-01
7.980116410594312315e-02
-1.005062401941633115e-03
-5.832932926035655496e-02
-8.259729409666182187e-01
2.043910229951101609e+00
5.515065125265169454e-01
